procs -----------memory---------- ---swap-- -----io---- -system-- -------cpu-------
 r  b   swpd   free   buff  cache   si   so    bi    bo   in   cs us sy id wa st gu
 2  0      0 366838236 1628548 135317340    0    0     2    89 8401    1  1  0 99  0  0  0
16  1      0 366792380 1628548 135317400    0    0     0    87 19452 5093 12  0 88  0  0  0
17  0      0 366811140 1628548 135317440    0    0     0    31 19009 5384 12  0 88  0  0  0
 1  0      0 366820664 1628548 135317444    0    0     0    12 10746 4793  6  0 94  0  0  0
 1  0      0 366829144 1628548 135317444    0    0     0    10 4412 7579  1  0 99  0  0  0
 1  0      0 366836980 1628552 135317444    0    0     0    89 2611 2080  1  0 99  0  0  0
 2  0      0 366828152 1628552 135318016    0    0     0    14 4312 7488  1  0 99  0  0  0
 1  0      0 366825680 1628552 135318016    0    0     0     6 2537 2102  1  0 99  0  0  0
 2  0      0 366810828 1628560 135318052    0    0     0     8 5562 7423  1  0 98  0  0  0
 2  0      0 366829704 1628568 135318060    0    0     0   145 4653 2191  2  0 98  0  0  0
 5  0      0 366820484 1628568 135318092    0    0     0    27 6688 7366  2  0 98  0  0  0
 4  0      0 366822908 1628572 135318096    0    0     0    11 6438 1989  3  0 97  0  0  0
 5  0      0 366909968 1628576 135318108    0    0     0   120 10393 9092  3  0 96  0  0  0
 1  0      0 366791448 1628576 135318144    0    0     0   190 5717 3622  1  0 98  0  0  0
 1  0      0 366802180 1628576 135318164    0    0     0    20 4299 7455  1  0 99  0  0  0
 9  0      0 366803736 1628576 135318168    0    0     0    26 5354 2041  3  0 97  0  0  0
 8  0      0 366810740 1628576 135318224    0    0     0    18 12291 7670  6  0 94  0  0  0
 8  0      0 366814260 1628584 135318236    0    0     0    72 11396 4762  6  0 94  0  0  0
 2  0      0 366823872 1628588 135318760    0    0     0    10 5942 4969  2  0 98  0  0  0
 2  0      0 366829888 1628588 135318764    0    0     0     3 5326 4625  2  0 98  0  0  0
 4  0      0 366830784 1628588 135318796    0    0     0    13 6444 4680  2  0 98  0  0  0
procs -----------memory---------- ---swap-- -----io---- -system-- -------cpu-------
 r  b   swpd   free   buff  cache   si   so    bi    bo   in   cs us sy id wa st gu
 4  0      0 366827440 1628588 135318796    0    0     0    11 7152 4606  3  0 97  0  0  0
 8  0      0 366815568 1628588 135318828    0    0     0    15 7516 4775  3  0 97  0  0  0
 9  0      0 366827036 1628588 135318832    0    0     0    18 11665 6104  6  0 94  0  0  0
 8  0      0 366827948 1628588 135318896    0    0     0    10 11255 3463  6  0 94  0  0  0
 8  0      0 366785372 1628608 135318936    0    0     0   106 16575 10253  6  0 93  0  0  0
 8  0      0 366798312 1628612 135318960    0    0     0   192 10749 2430  6  0 94  0  0  0
32  0      0 366810676 1628612 135318992    0    0     0     5 15970 7990  9  0 91  0  0  0
32  0      0 366823616 1628616 135319016    0    0     0    22 35081 2648 25  0 75  0  0  0
33  0      0 366826920 1628620 135319008    0    0     0    73 35963 7465 25  0 75  0  0  0
32  0      0 366823876 1628620 135319548    0    0     0    24 34668 2409 25  0 75  0  0  0
32  0      0 366828592 1628620 135319560    0    0     0    10 35238 8034 24  0 76  0  0  0
 5  0      0 366833072 1628628 135319588    0    0     0    14 25248 2324 18  0 82  0  0  0
 4  0      0 366829464 1628632 135319612    0    0     0    16 8016 7297  3  0 97  0  0  0
 5  0      0 366831296 1628632 135319668    0    0     0     6 7555 4741  3  0 97  0  0  0
64  0      0 366816316 1628636 135319664    0    0     0    19 60084 4883 45  0 55  0  0  0
64  0      0 366816932 1628640 135319688    0    0     0    12 65069 5860 48  0 52  0  0  0
 3  0      0 366909788 1628640 135319676    0    0     0    13 41076 6849 28  0 72  0  0  0
 2  0      0 366794456 1628644 135319752    0    0     0   246 8052 6337  2  0 98  0  0  0
17  0      0 366783888 1628644 135319752    0    0     0    50 5395 4710  2  0 98  0  0  0
16  0      0 366800292 1628644 135319776    0    0     0     9 19694 5046 13  0 87  0  0  0
17  0      0 366808772 1628652 135319776    0    0     0    69 18704 5351 12  0 88  0  0  0
procs -----------memory---------- ---swap-- -----io---- -system-- -------cpu-------
 r  b   swpd   free   buff  cache   si   so    bi    bo   in   cs us sy id wa st gu
65  0      0 366817816 1628656 135320320    0    0     0    20 45629 6158 32  0 67  0  0  0
64  0      0 366819252 1628656 135320324    0    0     0    30 66893 4999 50  0 50  0  0  0
64  0      0 366839108 1628660 135320380    0    0     0    18 67589 7463 50  0 50  0  0  0
64  0      0 366845420 1628664 135320384    0    0     0    22 66455 2229 50  0 50  0  0  0
64  0      0 366835312 1628664 135320400    0    0     0    26 65620 8782 48  0 52  0  0  0
32  0      0 366855704 1628664 135320396    0    0     0     9 42720 2707 31  0 69  0  0  0
32  0      0 366860416 1628664 135320432    0    0     0    14 35954 7624 25  0 75  0  0  0
17  0      0 366865956 1628664 135320432    0    0     0    19 30670 3535 22  0 78  0  0  0
17  0      0 366936844 1628672 135320432    0    0     0    54 21978 7933 12  0 87  0  0  0
16  0      0 366826472 1628672 135320476    0    0     0   228 21208 6728 12  0 87  0  0  0
 4  0      0 366833472 1628676 135320512    0    0     0    13 9535 5105  5  0 95  0  0  0
 4  0      0 366844848 1628680 135320516    0    0     0    80 7076 4653  3  0 97  0  0  0
32  0      0 366838508 1628684 135321084    0    0     0    22 18598 5066 12  0 88  0  0  0
32  0      0 366844472 1628692 135321088    0    0     0    13 34249 5285 24  0 76  0  0  0
32  0      0 366841560 1628696 135321080    0    0     0    18 35374 4976 25  0 75  0  0  0
64  0      0 366844220 1628696 135321080    0    0     0     7 63618 6055 47  0 53  0  0  0
64  0      0 366854004 1628700 135321108    0    0     0    26 66841 5174 49  0 51  0  0  0
64  0      0 366846252 1628704 135321112    0    0     0    21 66700 4885 50  0 50  0  0  0
64  0      0 366853336 1628704 135321128    0    0     0    18 64945 5973 48  0 52  0  0  0
 1  0      0 366876516 1628708 135321136    0    0     0    17 61691 5099 46  0 54  0  0  0
 1  0      0 366867488 1628712 135321192    0    0     0    10 3544 4961  1  0 99  0  0  0
procs -----------memory---------- ---swap-- -----io---- -system-- -------cpu-------
 r  b   swpd   free   buff  cache   si   so    bi    bo   in   cs us sy id wa st gu
 3  0      0 366794352 1628716 135321192    0    0     0   139 7862 10012  1  0 99  0  0  0
 4  0      0 366813296 1628724 135321220    0    0     0   149 5638 2345  2  0 98  0  0  0
 4  0      0 366820524 1628724 135321224    0    0     0    68 7887 7359  3  0 97  0  0  0
17  0      0 366823676 1628732 135322272    0    0     0    12 9327 4265  5  0 95  0  0  0
17  0      0 366826508 1628736 135322268    0    0     0    18 20163 5970 13  0 87  0  0  0
16  0      0 366846720 1628736 135322296    0    0     0     6 19461 4970 12  0 88  0  0  0
 2  0      0 366852740 1628740 135322296    0    0     0    35 8710 4874  4  0 96  0  0  0
 2  0      0 366847124 1628740 135322324    0    0     0   158 5297 4857  2  0 98  0  0  0
 8  0      0 366844900 1628740 135322324    0    0     0    14 7141 4844  3  0 97  0  0  0
 8  0      0 366844600 1628740 135322344    0    0     0    13 11565 5007  6  0 94  0  0  0
 8  0      0 366850228 1628748 135322336    0    0     0    15 11548 4796  6  0 94  0  0  0
 2  0      0 366848504 1628748 135322364    0    0     0     7 4275 4878  1  0 99  0  0  0
 3  0      0 366938948 1628748 135322484    0    0     0    12 4828 6095  1  0 99  0  0  0
 5  0      0 366811252 1628764 135322564    0    0     0   277 7926 6523  2  0 98  0  0  0
 5  0      0 366816832 1628764 135322568    0    0     0    66 7349 4790  3  0 97  0  0  0
17  0      0 366818180 1628764 135324228    0    0     0    26 8093 5337  3  0 97  0  0  0
17  0      0 366817100 1628764 135324232    0    0     0   210 19382 4797 13  0 87  0  0  0
17  0      0 366824420 1628764 135324260    0    0     0     6 18916 5364 12  0 88  0  0  0
 9  0      0 366827680 1628768 135324264    0    0     0    14 14383 4901  9  0 91  0  0  0
10  0      0 366827496 1628776 135324288    0    0     0    24 11470 5121  6  0 94  0  0  0
10  0      0 366826264 1628780 135324292    0    0     0    26 11760 6352  6  0 94  0  0  0
procs -----------memory---------- ---swap-- -----io---- -system-- -------cpu-------
 r  b   swpd   free   buff  cache   si   so    bi    bo   in   cs us sy id wa st gu
 9  0      0 366829280 1628784 135324320    0    0     0    18 12069 5745  6  0 94  0  0  0
 9  0      0 366837864 1628788 135324320    0    0     0     9 11191 4836  6  0 94  0  0  0
33  0      0 366837364 1628788 135324348    0    0     0    16 27983 5323 19  0 81  0  0  0
33  0      0 366828044 1628788 135324420    0    0     0    10 35372 5172 25  0 75  0  0  0
 3  0      0 366917748 1628792 135324420    0    0     0   338 29927 6678 19  0 81  0  0  0
 3  0      0 366794820 1628800 135324448    0    0     0   210 7349 5976  2  0 98  0  0  0
 3  0      0 366817864 1628808 135325496    0    0     0    16 5529 5101  2  0 98  0  0  0
 3  0      0 366829536 1628808 135325500    0    0     0    10 3610 4738  1  0 99  0  0  0
 2  0      0 366832412 1628808 135325560    0    0     0     9 3390 4758  1  0 99  0  0  0
17  0      0 366820476 1628808 135325560    0    0     0    16 9671 4737  6  0 94  0  0  0
18  0      0 366828400 1628808 135325588    0    0     0    38 19059 5145 12  0 88  0  0  0
17  0      0 366836156 1628808 135325588    0    0     0    10 19393 4848 13  0 87  0  0  0
65  0      0 366824884 1628808 135325688    0    0     0     6 63832 6356 47  0 53  0  0  0
65  0      0 366827688 1628808 135325692    0    0     0   213 66537 5243 49  0 50  0  0  0
 3  0      0 366842044 1628808 135325748    0    0     0    18 33960 5067 24  0 76  0  0  0
 3  0      0 366851264 1628808 135325752    0    0     0    14 5158 4722  2  0 98  0  0  0
35  0      0 366854428 1628808 135325768    0    0     0    18 8539 7639  3  0 97  0  0  0
33  0      0 366826652 1628812 135325912    0    0     0   298 39298 5873 25  0 75  0  0  0
33  0      0 366825760 1628816 135326968    0    0     0    46 36502 7898 25  0 75  0  0  0
66  0      0 366825320 1628816 135326976    0    0     0    25 56101 4891 41  0 59  0  0  0
66  0      0 366824080 1628816 135327000    0    0     0     7 65099 5719 48  0 52  0  0  0
procs -----------memory---------- ---swap-- -----io---- -system-- -------cpu-------
 r  b   swpd   free   buff  cache   si   so    bi    bo   in   cs us sy id wa st gu
65  0      0 366831440 1628816 135327008    0    0     0    13 65091 5825 48  0 52  0  0  0
 2  0      0 366833640 1628820 135327064    0    0     0   132 67264 5217 50  0 50  0  0  0
67  0      0 366851640 1628820 135327068    0    0     0    34 66465 4901 50  0 50  0  0  0
 9  0      0 366861728 1628820 135327096    0    0     0    22 23496 4912 15  0 84  0  0  0
 9  0      0 366847536 1628820 135327104    0    0     0     3 11427 4949  6  0 94  0  0  0
33  0      0 366838032 1628820 135327128    0    0     0    19 18918 5566 12  0 88  0  0  0
33  0      0 366840704 1628820 135327132    0    0     0    23 35246 5031 25  0 75  0  0  0
33  0      0 366851032 1628820 135327172    0    0     0    14 35576 5029 25  0 75  0  0  0
 6  0      0 366940560 1628824 135327152    0    0     0    70 11252 6081  5  0 95  0  0  0
 5  0      0 366830092 1628836 135328380    0    0     0   281 10694 6589  3  0 96  0  0  0
 3  0      0 366836856 1628844 135328384    0    0     0    16 5519 4758  2  0 98  0  0  0
 2  0      0 366841428 1628852 135328440    0    0     0    18 3447 4785  1  0 99  0  0  0
18  0      0 366843840 1628852 135328440    0    0     0    10 4629 7209  1  0 99  0  0  0
17  0      0 366846240 1628852 135328468    0    0     0     3 18933 2320 13  0 87  0  0  0
17  0      0 366844908 1628852 135328472    0    0     0    26 19334 7843 12  0 88  0  0  0
17  0      0 366846804 1628856 135328496    0    0     0    22 18455 2417 12  0 88  0  0  0
18  0      0 366851532 1628860 135328484    0    0     0    13 20376 7592 12  0 87  0  0  0
18  0      0 366856732 1628860 135328508    0    0     0    14 19290 3925 12  0 87  0  0  0
17  0      0 366856396 1628860 135328512    0    0     0    16 19631 5793 13  0 87  0  0  0
17  0      0 366841956 1628860 135328544    0    0     0    18 19486 5530 12  0 88  0  0  0
 9  0      0 366840860 1628860 135328544    0    0     0    66 13101 4920  8  0 92  0  0  0
procs -----------memory---------- ---swap-- -----io---- -system-- -------cpu-------
 r  b   swpd   free   buff  cache   si   so    bi    bo   in   cs us sy id wa st gu
10  0      0 366783396 1628864 135329636    0    0     0   108 15717 7960  6  0 93  0  0  0
 2  0      0 366792660 1628864 135329672    0    0     0   181 9367 4834  5  0 95  0  0  0
 2  0      0 366812444 1628864 135329696    0    0     0    18 3471 4784  1  0 99  0  0  0
 2  0      0 366826880 1628876 135329696    0    0     0    21 3274 4703  1  0 99  0  0  0
 3  0      0 366828552 1628876 135329728    0    0     0    20 4856 4866  1  0 98  0  0  0
 3  0      0 366836508 1628876 135329728    0    0     0    13 5233 4628  2  0 98  0  0  0
33  0      0 366834224 1628876 135329756    0    0     0    21 18434 4861 12  0 88  0  0  0
33  0      0 366846468 1628876 135329756    0    0     0    10 34555 5011 24  0 76  0  0  0
 5  0      0 366855204 1628880 135329780    0    0     0    16 36288 7567 25  0 75  0  0  0
 3  0      0 366846852 1628888 135329784    0    0     0     6 4301 2266  2  0 98  0  0  0
 3  0      0 366854208 1628896 135329848    0    0     0    20 6323 7535  2  0 98  0  0  0
 5  0      0 366853924 1628900 135329848    0    0     0    70 5438 1978  2  0 97  0  0  0
 5  0      0 366960208 1628900 135330900    0    0     0    21 8859 7709  3  0 97  0  0  0
 6  0      0 366824216 1628912 135330900    0    0     0   142 10327 5042  3  0 96  0  0  0
 5  0      0 366826488 1628912 135330944    0    0     0   139 8210 7395  3  0 97  0  0  0
 4  0      0 366826688 1628916 135330944    0    0     0    14 6374 1993  3  0 97  0  0  0
 1  1      0 366829088 1628916 135330980    0    0     0    22 5435 7374  2  0 98  0  0  0
 2  1      0 366829884 1628920 135330984    0    0     0    26 3326 4659  1  0 99  0  0  0
65  0      0 366821244 1628920 135331040    0    0     0    16 17217 6185 11  0 89  0  0  0
65  0      0 366829204 1628920 135331044    0    0     0     9 67125 5357 50  0 50  0  0  0
65  0      0 366835508 1628920 135331068    0    0     0     9 66902 4976 50  0 50  0  0  0
procs -----------memory---------- ---swap-- -----io---- -system-- -------cpu-------
 r  b   swpd   free   buff  cache   si   so    bi    bo   in   cs us sy id wa st gu
 2  1      0 366840964 1628928 135331068    0    0     0    17 16145 4771 10  0 90  0  0  0
 2  0      0 366843876 1628928 135331100    0    0     0     4 5484 4974  2  0 98  0  0  0
 8  0      0 366836452 1628932 135331100    0    0     0    84 7559 4895  3  0 97  0  0  0
 8  0      0 366847928 1628932 135332152    0    0     0    11 11557 5178  6  0 94  0  0  0
10  0      0 366938608 1628944 135332132    0    0     0    54 13688 8662  6  0 93  0  0  0
33  0      0 366795348 1628948 135332224    0    0     0   228 35978 3928 24  0 76  0  0  0
33  0      0 366819392 1628948 135332236    0    0     0    22 34854 8337 24  0 76  0  0  0
