scenario threads cpp_Mops rust_Mops rust/cpp% pair_spread% cpp_cv% rust_cv% cpp_abort% rust_abort%
read10     1    6.046     4.828     79.85         0.21    0.14     0.04      0.000       0.000
read10     2   12.020     9.651     80.29         0.19    0.24     0.14      0.000       0.000
read10     4   23.993    19.245     80.25         0.90    0.34     0.16      0.000       0.000
read10     8   46.349    38.575     83.42         0.51    0.21     0.17      0.000       0.000
read10    16   90.761    76.423     84.14         1.09    0.30     0.84      0.000       0.000
read10    32  170.180   148.360     87.12         0.46    0.17     0.10      0.000       0.000
read10    64  222.133   245.863    110.55         5.28    2.87     0.38      0.000       0.000
rw95_10    1    5.666     4.421     78.02         0.11    0.27     0.22      0.000       0.000
rw95_10    2   11.272     8.804     78.18         0.34    0.12     0.24      0.002       0.001
rw95_10    4   22.466    17.550     78.19         1.02    0.60     0.14      0.008       0.003
rw95_10    8   41.817    32.769     78.33         0.20    0.10     0.19      0.021       0.012
rw95_10   16   77.394    66.411     85.88         0.28    0.12     0.06      0.051       0.024
rw95_10   32  121.259   126.924    104.72         0.59    0.07     0.29      0.275       0.062
rw95_10   64  143.702   202.601    140.99         0.20    0.14     0.04      3.169       0.165
rw50_10    1    3.950     3.104     78.58         1.04    0.43     0.12      0.000       0.000
rw50_10    2    7.880     6.158     78.15         0.25    0.09     0.13      0.027       0.018
rw50_10    4   15.776    12.262     77.91         0.82    0.45     0.15      0.077       0.056
rw50_10    8   26.767    20.013     74.86         0.45    0.24     0.10      0.268       0.185
rw50_10   16   48.604    39.040     80.32         0.99    0.36     0.15      0.459       0.406
rw50_10   32   83.491    72.033     86.54         1.32    0.33     0.53      1.390       0.853
rw50_10   64  106.106   112.722    106.26         0.27    0.03     0.12     12.411       2.273
cell-geomean rust/cpp=86.14% min=74.86% max=140.99%
AUDIT_FLAGS [('read10', 64, 5.2770587986259665, {'cpp-sto-masstree': 2.8670490426263653, 'rust-sto-masstree': 0.37593505193724375})]
